0 0 1 9826.0 982.0 2850.0 1462.0
1 0 2 6125.0 8241.0 2679.0 9250.0
2 0 3 2941.0 8632.0 4926.0 267.0
3 0 4 8267.0 493.0 6392.0 6851.0
4 0 5 3480.0 2138.0 5170.0 5106.0
5 1 2 3946.0 1657.0 7931.0 8453.0
6 1 3 2473.0 6497.0 6425.0 3962.0
7 1 4 7061.0 1534.0 8210.0 6824.0
8 1 5 638.0 8546.0 2368.0 7530.0
9 2 3 5387.0 2908.0 7968.0 9206.0
10 2 4 4753.0 4823.0 6385.0 6049.0
11 2 5 2713.0 1896.0 2867.0 8397.0
12 3 4 8517.0 8207.0 3291.0 6587.0
13 3 5 5078.0 5369.0 2514.0 6098.0
14 4 5 4078.0 4816.0 6973.0 6473.0
