0 0 1 4753.0 2837.0 6409.0 2958.0
1 0 2 1852.0 1952.0 7906.0 3251.0
2 0 3 9213.0 2035.0 9352.0 1798.0
3 0 4 3176.0 829.0 4318.0 8724.0
4 0 5 582.0 5082.0 831.0 9410.0
5 1 2 6310.0 5162.0 269.0 8935.0
6 1 3 8975.0 9047.0 8957.0 2684.0
7 1 4 3247.0 5943.0 8140.0 3689.0
8 1 5 1273.0 6132.0 4083.0 1853.0
9 2 3 9802.0 6385.0 1432.0 689.0
10 2 4 1947.0 4672.0 9134.0 8276.0
11 2 5 6053.0 472.0 983.0 8596.0
12 3 4 2965.0 7324.0 7164.0 893.0
13 3 5 453.0 6021.0 1027.0 2536.0
14 4 5 3427.0 963.0 6925.0 1635.0
