0 0 1 1405.0 4328.0 5780.0 4958.0
1 0 2 6541.0 568.0 8576.0 7950.0
2 0 3 5089.0 2930.0 9012.0 2614.0
3 0 4 6309.0 8624.0 6904.0 5187.0
4 0 5 5613.0 425.0 6978.0 4983.0
5 1 2 5016.0 7640.0 1726.0 4378.0
6 1 3 3059.0 8162.0 4279.0 836.0
7 1 4 7964.0 6890.0 5319.0 7984.0
8 1 5 7248.0 6489.0 5793.0 4807.0
9 2 3 476.0 1657.0 5031.0 5021.0
10 2 4 8762.0 4197.0 3240.0 2063.0
11 2 5 3284.0 2730.0 5836.0 4713.0
12 3 4 3598.0 8645.0 6178.0 8091.0
13 3 5 9074.0 2764.0 2769.0 8940.0
14 4 5 4270.0 2189.0 359.0 8965.0
